7 0.4890625 0.41875 0.084375 0.18671875
7 0.815625 0.37734375 0.084375 0.1890625
7 0.2078125 0.50078125 0.09140625 0.15859375
7 0.153125 0.309375 0.05859375 0.1125
7 0.203125 0.2828125 0.06328125 0.11953125
7 0.3890625 0.22265625 0.06875 0.10859375
7 0.53046875 0.21328125 0.04296875 0.0859375
7 0.5578125 0.2671875 0.0609375 0.1171875
7 0.63125 0.16953125 0.0421875 0.11171875
7 0.68046875 0.1484375 0.03203125 0.06015625
7 0.72421875 0.1765625 0.034375 0.08046875
11 0.53125 0.7734375 0.27265625 0.453125
4 0.82578125 0.24140625 0.18515625 0.3046875
7 0.9625 0.19375 0.04296875 0.08359375
7 0.9203125 0.17578125 0.028125 0.06796875