7 0.5109375 0.41875 0.084375 0.18671875
7 0.184375 0.37734375 0.084375 0.1890625
7 0.7921875 0.50078125 0.09140625 0.15859375
7 0.846875 0.309375 0.05859375 0.1125
7 0.796875 0.2828125 0.06328125 0.11953125
7 0.6109375 0.22265625 0.06875 0.10859375
7 0.46953125 0.21328125 0.04296875 0.0859375
7 0.4421875 0.2671875 0.0609375 0.1171875
7 0.36875 0.16953125 0.0421875 0.11171875
7 0.31953125 0.1484375 0.03203125 0.06015625
7 0.27578125 0.1765625 0.034375 0.08046875
11 0.46875 0.7734375 0.27265625 0.453125
4 0.17421875 0.24140625 0.18515625 0.3046875
7 0.0375 0.19375 0.04296875 0.08359375
7 0.0796875 0.17578125 0.028125 0.06796875