2 0.68671875 0.5125 0.62578125 0.79609375
5 0.1359375 0.38046875 0.271875 0.7609375
4 0.3953125 0.41875 0.19296875 0.365625
4 0.575 0.3671875 0.1421875 0.2828125
4 0.446875 0.19765625 0.15 0.23984375
4 0.25 0.353125 0.11640625 0.31796875
4 0.27578125 0.2140625 0.1203125 0.2421875
4 0.44296875 0.1140625 0.1515625 0.228125
4 0.621875 0.146875 0.15625 0.2328125
4 0.60390625 0.0703125 0.15 0.140625
3 0.93203125 0.15 0.1359375 0.26640625
14 0.82578125 0.10078125 0.18828125 0.2015625
19 0.7421875 0.71484375 0.14140625 0.33203125
12 0.3015625 0.12734375 0.13515625 0.2546875