15 0.5796875 0.7828125 0.1109375 0.43359375
4 0.48359375 0.78203125 0.0765625 0.12109375
4 0.39765625 0.7515625 0.09140625 0.11328125
4 0.2578125 0.77109375 0.11875 0.13515625
4 0.1125 0.78359375 0.17109375 0.165625
4 0.47265625 0.61640625 0.04296875 0.04765625
4 0.52421875 0.61484375 0.0421875 0.04296875
4 0.384375 0.63203125 0.05390625 0.053125
4 0.43203125 0.60546875 0.0328125 0.0359375
4 0.640625 0.5984375 0.0375 0.053125
4 0.86171875 0.69296875 0.09296875 0.0796875
4 0.5921875 0.575 0.02734375 0.0359375
4 0.465625 0.57421875 0.02109375 0.03203125