7 0.7875 0.3328125 0.090625 0.12265625
7 0.2125 0.23828125 0.08984375 0.1375
7 0.38671875 0.25625 0.065625 0.08515625
7 0.57890625 0.2671875 0.07578125 0.11015625
7 0.50703125 0.215625 0.0515625 0.08359375
7 0.63984375 0.23203125 0.034375 0.0625
7 0.10390625 0.17578125 0.0515625 0.08359375
7 0.88046875 0.29375 0.0703125 0.1078125
7 0.953125 0.2625 0.04453125 0.05546875
7 0.74609375 0.25078125 0.03671875 0.0578125
11 0.7671875 0.73828125 0.27890625 0.5234375
11 0.18359375 0.58671875 0.215625 0.51171875
11 0.375 0.53984375 0.17421875 0.390625
11 0.55625 0.60234375 0.21953125 0.446875