7 0.6046875 0.4953125 0.04140625 0.05703125
7 0.11484375 0.5234375 0.04296875 0.06640625
7 0.35234375 0.4921875 0.0390625 0.05703125
7 0.3984375 0.484375 0.0421875 0.05
7 0.90390625 0.50390625 0.02890625 0.046875
7 0.9671875 0.4875 0.03671875 0.053125
7 0.859375 0.490625 0.0359375 0.04296875
7 0.7296875 0.5 0.0421875 0.05859375
7 0.6515625 0.46484375 0.0296875 0.0515625
7 0.4828125 0.47265625 0.01796875 0.034375
7 0.4578125 0.4734375 0.025 0.0390625
11 0.11953125 0.72890625 0.2390625 0.296875
11 0.6171875 0.68515625 0.20703125 0.22890625
11 0.9140625 0.671875 0.17109375 0.18515625
11 0.37890625 0.6640625 0.175 0.203125