5 0.58828125 0.49296875 0.66640625 0.98515625
19 0.8625 0.77421875 0.1078125 0.4515625
19 0.959375 0.8453125 0.08125 0.303125
19 0.78828125 0.86796875 0.1171875 0.26328125
19 0.73125 0.78515625 0.11640625 0.4078125
19 0.7046875 0.8046875 0.1046875 0.3765625
19 0.65859375 0.90390625 0.11171875 0.16953125
19 0.54453125 0.83359375 0.1171875 0.3328125
19 0.58671875 0.81484375 0.103125 0.3703125
19 0.3609375 0.8890625 0.11796875 0.22109375
19 0.28984375 0.86796875 0.08984375 0.26328125
19 0.425 0.86328125 0.11484375 0.27265625
19 0.334375 0.7859375 0.08984375 0.42109375
19 0.378125 0.71328125 0.07109375 0.3734375
19 0.475 0.7953125 0.096875 0.409375
19 0.1796875 0.84609375 0.084375 0.3078125
19 0.1296875 0.87578125 0.0875 0.2484375
19 0.05390625 0.8546875 0.10703125 0.27109375
19 0.0796875 0.75703125 0.07265625 0.33671875
19 0.14140625 0.77890625 0.0828125 0.34765625
19 0.21328125 0.7703125 0.07890625 0.37265625
19 0.2421875 0.7796875 0.08046875 0.38203125
19 0.30390625 0.68046875 0.0859375 0.31796875
19 0.14453125 0.6640625 0.07890625 0.26953125
19 0.17578125 0.64296875 0.0703125 0.28046875
19 0.08671875 0.6671875 0.0484375 0.275
19 0.0296875 0.62578125 0.05859375 0.2203125
19 0.0421875 0.66796875 0.05625 0.24453125