20 0.59765625 0.815625 0.1109375 0.36484375
20 0.45234375 0.8640625 0.171875 0.271875
20 0.69609375 0.68515625 0.078125 0.253125
20 0.6625 0.6296875 0.06484375 0.2171875
20 0.94609375 0.559375 0.0640625 0.1875
14 0.81953125 0.7953125 0.3609375 0.409375
14 0.5171875 0.625 0.11875 0.22890625
14 0.16015625 0.7625 0.3203125 0.4140625
14 0.22265625 0.60625 0.11796875 0.2203125
14 0.0484375 0.59140625 0.096875 0.25078125
14 0.359375 0.62109375 0.20390625 0.240625
14 0.5125 0.5984375 0.1078125 0.2453125
14 0.86015625 0.6125 0.26015625 0.19375
14 0.83515625 0.52421875 0.0765625 0.1515625
14 0.89140625 0.5265625 0.08359375 0.1421875
3 0.7171875 0.565625 0.1546875 0.17890625
17 0.32109375 0.84140625 0.4109375 0.31640625