4 0.46953125 0.64375 0.16484375 0.2046875
4 0.30546875 0.6328125 0.15546875 0.21328125
4 0.93671875 0.61484375 0.1265625 0.15625
4 0.75390625 0.55703125 0.109375 0.09609375
4 0.61875 0.62578125 0.1859375 0.18828125
20 0.2765625 0.77890625 0.1625 0.4421875
20 0.18203125 0.6875 0.07578125 0.32265625
20 0.9734375 0.6140625 0.053125 0.18515625
11 0.803125 0.7078125 0.1 0.1734375
11 0.72421875 0.73515625 0.078125 0.2078125
7 0.71953125 0.57734375 0.0375 0.06171875
7 0.7984375 0.5859375 0.0328125 0.05859375
14 0.6078125 0.64375 0.128125 0.2703125
14 0.41015625 0.73515625 0.3734375 0.4171875
14 0.234375 0.60546875 0.0953125 0.271875
14 0.1078125 0.6234375 0.1484375 0.3046875
14 0.83671875 0.65546875 0.11328125 0.29375
10 0.89921875 0.54296875 0.20078125 0.2171875