2 0.53671875 0.71953125 0.1203125 0.24296875
2 0.7328125 0.8875 0.28125 0.225
2 0.43046875 0.91640625 0.1828125 0.16640625
2 0.1578125 0.69296875 0.2140625 0.2
2 0.52734375 0.55859375 0.0453125 0.065625
4 0.45546875 0.73515625 0.07578125 0.11328125
4 0.1390625 0.93046875 0.1359375 0.1390625
4 0.22578125 0.8484375 0.10078125 0.165625
4 0.17421875 0.81171875 0.1046875 0.15234375
4 0.06484375 0.84765625 0.1296875 0.13828125
4 0.31015625 0.72265625 0.0734375 0.08359375
4 0.2671875 0.703125 0.071875 0.09375
4 0.2875 0.6578125 0.06796875 0.0640625
4 0.35078125 0.61640625 0.04453125 0.040625
3 0.4390625 0.82734375 0.07578125 0.0921875
3 0.08125 0.9125 0.1140625 0.15390625
9 0.27421875 0.86484375 0.13203125 0.17734375
14 0.5578125 0.9078125 0.08828125 0.184375
20 0.59609375 0.79140625 0.04140625 0.10078125