14 0.1953125 0.478125 0.38984375 0.8640625
14 0.378125 0.3484375 0.33671875 0.62578125
14 0.50546875 0.3640625 0.284375 0.596875
14 0.5703125 0.3140625 0.21328125 0.5171875
14 0.66796875 0.27734375 0.19296875 0.44375
14 0.73203125 0.2625 0.1703125 0.40390625
14 0.775 0.24609375 0.13359375 0.36015625
14 0.7765625 0.215625 0.26015625 0.3046875
14 0.88046875 0.21953125 0.2109375 0.28671875
14 0.859375 0.171875 0.1859375 0.16796875
14 0.871875 0.1609375 0.16328125 0.190625
14 0.90703125 0.14375 0.14765625 0.1953125