14 0.1671875 0.83046875 0.334375 0.2953125
14 0.309375 0.91796875 0.28828125 0.15078125
14 0.61640625 0.9125 0.2484375 0.17421875
14 0.84765625 0.925 0.27265625 0.14921875
14 0.4265625 0.796875 0.51640625 0.2171875
14 0.41171875 0.70546875 0.38671875 0.16875
14 0.51171875 0.6 0.15 0.21953125
14 0.83046875 0.6515625 0.29453125 0.2390625
14 0.84921875 0.59296875 0.30078125 0.15859375
14 0.1140625 0.61484375 0.209375 0.2203125
14 0.3859375 0.6421875 0.32265625 0.1828125
14 0.35546875 0.578125 0.1671875 0.184375
14 0.30703125 0.5125 0.1265625 0.13203125
14 0.43203125 0.54140625 0.1515625 0.1359375
14 0.36171875 0.4859375 0.1375 0.13671875
14 0.46484375 0.4984375 0.14375 0.11171875
14 0.49296875 0.45625 0.1296875 0.128125
14 0.50859375 0.45703125 0.10625 0.1375
14 0.5484375 0.428125 0.09765625 0.1375
14 0.57421875 0.38671875 0.075 0.12265625
14 0.58671875 0.3671875 0.1125 0.13203125
14 0.15 0.58828125 0.1125 0.20859375
14 0.2921875 0.4328125 0.165625 0.15625
14 0.39453125 0.409375 0.134375 0.13828125
14 0.3359375 0.35234375 0.11015625 0.09140625
14 0.34140625 0.3171875 0.078125 0.0703125
14 0.36796875 0.30546875 0.08046875 0.0765625
14 0.390625 0.29765625 0.08828125 0.08515625
14 0.63203125 0.27265625 0.071875 0.08515625
14 0.65 0.24765625 0.06484375 0.0859375
14 0.678125 0.2203125 0.09609375 0.05546875
14 0.98203125 0.27890625 0.0359375 0.07734375
14 0.9625 0.265625 0.059375 0.07578125
14 0.91484375 0.25390625 0.05625 0.09765625
4 0.7359375 0.5421875 0.2296875 0.1875
4 0.71640625 0.45625 0.203125 0.128125
4 0.7234375 0.40078125 0.21015625 0.0875
4 0.87109375 0.3671875 0.13125 0.10390625
4 0.734375 0.35859375 0.1078125 0.10390625
4 0.7484375 0.296875 0.09296875 0.0671875
4 0.82265625 0.284375 0.09765625 0.08359375
4 0.73515625 0.25546875 0.09765625 0.0546875
4 0.76640625 0.2375 0.09765625 0.0484375
4 0.84375 0.2546875 0.08984375 0.08359375
4 0.84296875 0.21015625 0.075 0.053125
4 0.77578125 0.21171875 0.07890625 0.0390625
4 0.7890625 0.19140625 0.04921875 0.0390625
2 0.96640625 0.16171875 0.06640625 0.084375
3 0.96015625 0.209375 0.0796875 0.0484375