2 0.59609375 0.83515625 0.11875 0.3234375
2 0.48203125 0.63359375 0.0765625 0.16640625
4 0.5375 0.60234375 0.03984375 0.0625
2 0.29296875 0.86796875 0.26484375 0.2640625
20 0.26640625 0.69921875 0.01953125 0.0765625
20 0.42890625 0.71796875 0.01953125 0.078125
20 0.17109375 0.7875 0.0265625 0.1109375
20 0.24453125 0.6984375 0.015625 0.075
14 0.46953125 0.79140625 0.046875 0.10546875
4 0.8078125 0.79140625 0.08203125 0.125
2 0.87890625 0.63046875 0.18828125 0.171875
4 0.86171875 0.75859375 0.1 0.128125
3 0.72109375 0.609375 0.03125 0.04296875
2 0.496875 0.49140625 0.0265625 0.04140625
4 0.91171875 0.9125 0.13828125 0.175