14 0.60546875 0.8453125 0.2234375 0.2828125
4 0.31328125 0.840625 0.27578125 0.2359375
20 0.73671875 0.59140625 0.09921875 0.1546875
20 0.60234375 0.6078125 0.07890625 0.14375
20 0.5171875 0.6421875 0.084375 0.16640625
20 0.08359375 0.78359375 0.1046875 0.2
20 0.075 0.60703125 0.08828125 0.13359375
20 0.190625 0.559375 0.05625 0.13125
20 0.17421875 0.4828125 0.0734375 0.05390625
20 0.11796875 0.56796875 0.0578125 0.12109375
14 0.8578125 0.5359375 0.13515625 0.15390625
14 0.83984375 0.4140625 0.084375 0.075
14 0.38203125 0.57421875 0.1296875 0.1640625
14 0.646875 0.3890625 0.084375 0.0546875
14 0.7515625 0.47109375 0.1328125 0.1125