14 0.85703125 0.8421875 0.08125 0.20234375
14 0.81171875 0.73515625 0.0765625 0.16875
14 0.7421875 0.67265625 0.08828125 0.18359375
14 0.70390625 0.54296875 0.0609375 0.1140625
14 0.53125 0.42421875 0.04609375 0.10703125
16 0.71484375 0.9046875 0.11953125 0.14765625
2 0.57421875 0.64296875 0.17578125 0.29375
4 0.93046875 0.79453125 0.13828125 0.19296875
4 0.23203125 0.89296875 0.15703125 0.2
4 0.1484375 0.77421875 0.15390625 0.1671875
4 0.165625 0.69140625 0.12421875 0.14609375
4 0.04765625 0.7265625 0.0953125 0.1734375
4 0.13359375 0.57265625 0.1203125 0.11796875
4 0.22421875 0.6015625 0.1140625 0.10625
9 0.0765625 0.9015625 0.153125 0.196875
9 0.3140625 0.73125 0.1546875 0.2265625
9 0.47578125 0.4578125 0.084375 0.1234375
19 0.8390625 0.9078125 0.084375 0.184375
19 0.928125 0.9140625 0.06640625 0.171875
19 0.4609375 0.95859375 0.08125 0.0828125