4 0.04453125 0.92890625 0.0890625 0.13984375
4 0.23828125 0.89140625 0.0734375 0.165625
4 0.07421875 0.88125 0.10078125 0.14609375
4 0.12578125 0.86796875 0.09296875 0.16875
4 0.1453125 0.78203125 0.0734375 0.09609375
4 0.18046875 0.7375 0.0734375 0.11171875
4 0.296875 0.90546875 0.0890625 0.13046875
4 0.3234375 0.84609375 0.06484375 0.13984375
4 0.38359375 0.75703125 0.046875 0.11015625
4 0.4140625 0.69609375 0.05234375 0.1265625
4 0.35703125 0.70625 0.04609375 0.0890625
4 0.8796875 0.94609375 0.12109375 0.1078125
4 0.85625 0.89375 0.09921875 0.12109375
4 0.70703125 0.81875 0.0828125 0.109375
4 0.63125 0.771875 0.0703125 0.10078125
4 0.56875 0.7640625 0.07421875 0.0859375
4 0.5609375 0.72109375 0.078125 0.0984375
4 0.54921875 0.69296875 0.06640625 0.08671875
4 0.5484375 0.6328125 0.04453125 0.075
16 0.61796875 0.5171875 0.08671875 0.10078125
9 0.2953125 0.94609375 0.14296875 0.1078125
9 0.17734375 0.90390625 0.12578125 0.1921875
9 0.2640625 0.784375 0.10234375 0.140625
9 0.28984375 0.7265625 0.09296875 0.134375
9 0.32578125 0.6546875 0.0546875 0.11953125
9 0.38828125 0.7734375 0.06796875 0.153125
9 0.65078125 0.89375 0.1140625 0.2125
9 0.75078125 0.87890625 0.09296875 0.20078125
9 0.83046875 0.80234375 0.071875 0.1875
9 0.44296875 0.7921875 0.1140625 0.2453125