14 0.25234375 0.69765625 0.30390625 0.3484375
14 0.5859375 0.5765625 0.18515625 0.2765625
14 0.8171875 0.8 0.303125 0.34453125
14 0.91328125 0.90703125 0.1734375 0.1859375
14 0.41796875 0.4359375 0.20546875 0.228125
14 0.12734375 0.1609375 0.15390625 0.16640625
20 0.653125 0.8046875 0.19375 0.2375
20 0.54375 0.678125 0.1125 0.22109375
20 0.48828125 0.65234375 0.07734375 0.1953125
20 0.44375 0.59765625 0.13203125 0.2015625
20 0.31171875 0.3828125 0.11015625 0.15625
20 0.90390625 0.4984375 0.12109375 0.16171875
20 0.2046875 0.3328125 0.128125 0.1640625
20 0.165625 0.3 0.09375 0.14921875
20 0.125 0.23046875 0.1125 0.1265625
20 0.07578125 0.20078125 0.07734375 0.1171875
20 0.26953125 0.0890625 0.06484375 0.11484375
20 0.24140625 0.178125 0.08359375 0.1375
20 0.76875 0.359375 0.10703125 0.15859375