3 0.51328125 0.91796875 0.08671875 0.1640625
3 0.4046875 0.640625 0.0390625 0.065625
19 0.2921875 0.653125 0.01953125 0.06640625
19 0.25234375 0.6609375 0.0234375 0.0609375
19 0.17421875 0.740625 0.01953125 0.075
19 0.471875 0.7984375 0.034375 0.11640625
19 0.2765625 0.6078125 0.01484375 0.05390625
14 0.575 0.75 0.04296875 0.125
14 0.70078125 0.9234375 0.05703125 0.11953125
14 0.7640625 0.93125 0.06328125 0.1375
14 0.62421875 0.9328125 0.0609375 0.134375
3 0.34296875 0.55546875 0.02421875 0.046875