11 0.90703125 0.69375 0.1859375 0.359375
11 0.67890625 0.66953125 0.29375 0.2609375
11 0.45390625 0.63125 0.228125 0.31796875
11 0.34453125 0.5953125 0.16953125 0.21171875
20 0.453125 0.684375 0.109375 0.58828125
20 0.0984375 0.5765625 0.078125 0.33359375
20 0.04140625 0.65703125 0.0765625 0.434375
14 0.20703125 0.54140625 0.21328125 0.328125
7 0.91328125 0.4140625 0.06171875 0.09296875
7 0.96015625 0.36328125 0.06015625 0.04609375
7 0.69296875 0.43125 0.05078125 0.08203125
7 0.5171875 0.409375 0.0390625 0.06328125
7 0.39765625 0.4296875 0.0390625 0.06875
7 0.35703125 0.43125 0.0421875 0.05625
3 0.58125 0.52109375 0.2015625 0.34609375
3 0.784375 0.4546875 0.1625 0.228125
4 0.8625 0.46640625 0.27421875 0.340625