20 0.31796875 0.44140625 0.20625 0.79140625
20 0.0515625 0.271875 0.07265625 0.3609375
20 0.103125 0.26875 0.0765625 0.34296875
20 0.1859375 0.2453125 0.09140625 0.32421875
20 0.19140625 0.22421875 0.05078125 0.2265625
20 0.2375 0.22421875 0.06484375 0.31328125
20 0.32890625 0.23984375 0.0453125 0.29140625
20 0.36640625 0.2234375 0.0578125 0.27421875
20 0.40625 0.215625 0.059375 0.290625
20 0.5078125 0.23359375 0.06015625 0.28984375
20 0.590625 0.196875 0.0578125 0.28046875
20 0.65 0.20390625 0.06328125 0.2671875
21 0.71171875 0.1953125 0.053125 0.234375
20 0.76328125 0.27109375 0.09453125 0.4453125
20 0.81796875 0.2140625 0.07265625 0.2765625
20 0.86796875 0.20625 0.05859375 0.25078125
20 0.91875 0.2109375 0.071875 0.23828125
20 0.95390625 0.1921875 0.0625 0.2828125
20 0.8921875 0.190625 0.0671875 0.2359375
18 0.49140625 0.5953125 0.9828125 0.809375