5 0.41171875 0.49296875 0.66640625 0.98515625
20 0.1375 0.77421875 0.1078125 0.4515625
20 0.040625 0.8453125 0.08125 0.303125
20 0.21171875 0.86796875 0.1171875 0.26328125
20 0.26875 0.78515625 0.11640625 0.4078125
20 0.2953125 0.8046875 0.1046875 0.3765625
20 0.34140625 0.90390625 0.11171875 0.16953125
20 0.45546875 0.83359375 0.1171875 0.3328125
20 0.41328125 0.81484375 0.103125 0.3703125
20 0.6390625 0.8890625 0.11796875 0.22109375
20 0.71015625 0.86796875 0.08984375 0.26328125
20 0.575 0.86328125 0.11484375 0.27265625
20 0.665625 0.7859375 0.08984375 0.42109375
20 0.621875 0.71328125 0.07109375 0.3734375
20 0.525 0.7953125 0.096875 0.409375
20 0.8203125 0.84609375 0.084375 0.3078125
20 0.8703125 0.87578125 0.0875 0.2484375
20 0.94609375 0.8546875 0.10703125 0.27109375
20 0.9203125 0.75703125 0.07265625 0.33671875
20 0.85859375 0.77890625 0.0828125 0.34765625
20 0.78671875 0.7703125 0.07890625 0.37265625
20 0.7578125 0.7796875 0.08046875 0.38203125
20 0.69609375 0.68046875 0.0859375 0.31796875
20 0.85546875 0.6640625 0.07890625 0.26953125
20 0.82421875 0.64296875 0.0703125 0.28046875
20 0.91328125 0.6671875 0.0484375 0.275
20 0.9703125 0.62578125 0.05859375 0.2203125
20 0.9578125 0.66796875 0.05625 0.24453125