17 0.70546875 0.8796875 0.146875 0.19140625
4 0.7109375 0.63046875 0.13203125 0.1484375
14 0.325 0.915625 0.1015625 0.16875
8 0.615625 0.4953125 0.078125 0.1328125
8 0.36953125 0.66875 0.11796875 0.1828125
14 0.56171875 0.6 0.05859375 0.12890625
20 0.5421875 0.459375 0.03203125 0.09453125
20 0.48359375 0.6515625 0.03203125 0.11796875
20 0.4546875 0.6640625 0.03359375 0.1375
20 0.47578125 0.5328125 0.025 0.0890625
14 0.20078125 0.9234375 0.090625 0.15234375
14 0.059375 0.63125 0.071875 0.14453125
14 0.05703125 0.7703125 0.11328125 0.16015625
20 0.08671875 0.91171875 0.04375 0.17578125
4 0.40390625 0.41796875 0.05546875 0.0734375
14 0.4390625 0.35546875 0.028125 0.05859375
14 0.2109375 0.45859375 0.03671875 0.08203125
14 0.16953125 0.43984375 0.03515625 0.07734375
14 0.1046875 0.578125 0.0484375 0.125
2 0.69375 0.40390625 0.10546875 0.1390625
3 0.93359375 0.89140625 0.1328125 0.21484375
8 0.8578125 0.46328125 0.10078125 0.10546875