14 0.49921875 0.6890625 0.1890625 0.21328125
14 0.278125 0.89296875 0.221875 0.21328125
14 0.09140625 0.859375 0.18203125 0.18984375
14 0.8109375 0.50703125 0.146875 0.1453125
14 0.60234375 0.61171875 0.15078125 0.18984375
14 0.3578125 0.54609375 0.15546875 0.146875
14 0.665625 0.38515625 0.121875 0.109375
14 0.58203125 0.2984375 0.10234375 0.09296875
14 0.3265625 0.30703125 0.084375 0.0890625
14 0.59140625 0.19765625 0.07109375 0.07265625
17 0.70546875 0.215625 0.06875 0.03671875
11 0.915625 0.36171875 0.0578125 0.053125
11 0.85234375 0.40390625 0.06015625 0.0640625
11 0.7921875 0.3640625 0.06875 0.0578125
3 0.8453125 0.19921875 0.08203125 0.07265625
3 0.87890625 0.7515625 0.2421875 0.253125
1 0.6609375 0.85 0.16640625 0.15546875
2 0.6734375 0.07578125 0.07578125 0.06484375
2 0.5890625 0.0703125 0.07578125 0.0578125
9 0.915625 0.2890625 0.15078125 0.109375