9 0.30234375 0.871875 0.1375 0.1921875
9 0.65078125 0.9265625 0.1359375 0.146875
4 0.525 0.95390625 0.1125 0.09140625
4 0.5265625 0.84609375 0.09296875 0.140625
4 0.6125 0.83671875 0.09140625 0.15234375
4 0.59921875 0.75625 0.07109375 0.09609375
4 0.52421875 0.75234375 0.08515625 0.0984375
4 0.53359375 0.690625 0.0546875 0.07890625
4 0.5765625 0.6625 0.046875 0.08359375
4 0.40859375 0.85546875 0.0640625 0.159375
4 0.35390625 0.7671875 0.08359375 0.08203125
4 0.10546875 0.84765625 0.2109375 0.12421875
4 0.39296875 0.7 0.06953125 0.0890625
4 0.43359375 0.7515625 0.07734375 0.10625
4 0.45 0.67421875 0.06640625 0.07109375
3 0.6234375 0.69140625 0.0796875 0.09609375
17 0.1765625 0.91640625 0.109375 0.096875
14 0.0515625 0.88359375 0.103125 0.16015625
14 0.27578125 0.78125 0.0640625 0.10078125
14 0.1734375 0.78515625 0.06640625 0.09921875
14 0.19921875 0.790625 0.06171875 0.125
20 0.30703125 0.7546875 0.03984375 0.103125
14 0.7984375 0.88828125 0.08984375 0.15
14 0.9265625 0.95625 0.09375 0.0875
14 0.7328125 0.77734375 0.071875 0.11796875