14 0.5796875 0.80703125 0.128125 0.29453125
14 0.18359375 0.703125 0.09296875 0.221875
14 0.696875 0.60390625 0.0890625 0.2109375
14 0.66171875 0.434375 0.05703125 0.14609375
14 0.75546875 0.37890625 0.046875 0.0890625
14 0.81015625 0.540625 0.071875 0.19296875
14 0.6703125 0.32734375 0.03671875 0.07890625
14 0.0734375 0.84453125 0.146875 0.3078125
14 0.60546875 0.565625 0.071875 0.1875
14 0.53203125 0.415625 0.05390625 0.109375
14 0.6265625 0.3640625 0.04609375 0.08046875
14 0.78125 0.284375 0.0296875 0.0609375
20 0.45078125 0.72421875 0.07109375 0.25703125
20 0.31875 0.7875 0.06796875 0.2609375
20 0.18984375 0.871875 0.08515625 0.25390625
20 0.7140625 0.81171875 0.06796875 0.29296875
20 0.759375 0.7578125 0.05625 0.21796875
20 0.7609375 0.9109375 0.0703125 0.178125
20 0.671875 0.91953125 0.07578125 0.1609375
14 0.7484375 0.30078125 0.03515625 0.07890625