20 0.14609375 0.76484375 0.1609375 0.4703125
20 0.07890625 0.74609375 0.10859375 0.45625
20 0.36015625 0.78203125 0.115625 0.4359375
20 0.821875 0.75859375 0.178125 0.4828125
20 0.93046875 0.6796875 0.071875 0.30625
20 0.91484375 0.68671875 0.07421875 0.28671875
20 0.971875 0.684375 0.05546875 0.26640625
20 0.465625 0.64765625 0.06484375 0.25859375
20 0.24296875 0.7109375 0.09140625 0.32734375
20 0.33515625 0.70078125 0.08125 0.340625
20 0.17578125 0.64453125 0.0515625 0.303125
20 0.30546875 0.6625 0.06015625 0.2390625
3 0.503125 0.665625 0.1609375 0.278125
11 0.6875 0.68515625 0.1359375 0.1671875
2 0.71640625 0.61015625 0.478125 0.33359375