9 0.69765625 0.871875 0.1375 0.1921875
9 0.34921875 0.9265625 0.1359375 0.146875
4 0.475 0.95390625 0.1125 0.09140625
4 0.4734375 0.84609375 0.09296875 0.140625
4 0.3875 0.83671875 0.09140625 0.15234375
4 0.40078125 0.75625 0.07109375 0.09609375
4 0.47578125 0.75234375 0.08515625 0.0984375
4 0.46640625 0.690625 0.0546875 0.07890625
4 0.4234375 0.6625 0.046875 0.08359375
4 0.59140625 0.85546875 0.0640625 0.159375
4 0.64609375 0.7671875 0.08359375 0.08203125
4 0.89453125 0.84765625 0.2109375 0.12421875
4 0.60703125 0.7 0.06953125 0.0890625
4 0.56640625 0.7515625 0.07734375 0.10625
4 0.55 0.67421875 0.06640625 0.07109375
3 0.3765625 0.69140625 0.0796875 0.09609375
17 0.8234375 0.91640625 0.109375 0.096875
14 0.9484375 0.88359375 0.103125 0.16015625
14 0.72421875 0.78125 0.0640625 0.10078125
14 0.8265625 0.78515625 0.06640625 0.09921875
14 0.80078125 0.790625 0.06171875 0.125
20 0.69296875 0.7546875 0.03984375 0.103125
14 0.2015625 0.88828125 0.08984375 0.15
14 0.0734375 0.95625 0.09375 0.0875
14 0.2671875 0.77734375 0.071875 0.11796875