2 0.40390625 0.83515625 0.11875 0.3234375
2 0.51796875 0.63359375 0.0765625 0.16640625
4 0.4625 0.60234375 0.03984375 0.0625
2 0.70703125 0.86796875 0.26484375 0.2640625
20 0.73359375 0.69921875 0.01953125 0.0765625
20 0.57109375 0.71796875 0.01953125 0.078125
20 0.82890625 0.7875 0.0265625 0.1109375
20 0.75546875 0.6984375 0.015625 0.075
14 0.53046875 0.79140625 0.046875 0.10546875
4 0.1921875 0.79140625 0.08203125 0.125
2 0.12109375 0.63046875 0.18828125 0.171875
4 0.13828125 0.75859375 0.1 0.128125
3 0.27890625 0.609375 0.03125 0.04296875
2 0.503125 0.49140625 0.0265625 0.04140625
4 0.08828125 0.9125 0.13828125 0.175