14 0.7578125 0.84375 0.41015625 0.3125
14 0.63515625 0.56875 0.265625 0.26484375
21 0.43046875 0.559375 0.1234375 0.20390625
11 0.19765625 0.51640625 0.09140625 0.2078125
20 0.06015625 0.5171875 0.0859375 0.17265625
20 0.33984375 0.3828125 0.09921875 0.12734375
20 0.484375 0.209375 0.04296875 0.09140625
20 0.3484375 0.2734375 0.07109375 0.11015625
20 0.46875 0.9046875 0.1515625 0.18984375
20 0.21171875 0.90390625 0.1359375 0.1921875
20 0.08828125 0.903125 0.13125 0.19375
20 0.13515625 0.7734375 0.12734375 0.1421875
20 0.84296875 0.68125 0.12734375 0.1875
19 0.784375 0.3265625 0.303125 0.19375
4 0.86953125 0.5171875 0.26015625 0.2421875
10 0.7640625 0.12578125 0.190625 0.1484375