11 0.6625 0.784375 0.17578125 0.36484375
11 0.834375 0.63828125 0.18125 0.36328125
11 0.1734375 0.68046875 0.17109375 0.3515625
3 0.19375 0.15390625 0.16015625 0.3078125
4 0.8484375 0.15234375 0.23828125 0.29296875
7 0.56796875 0.2515625 0.04609375 0.0671875
7 0.64375 0.528125 0.0625 0.0953125
7 0.82109375 0.40859375 0.0625 0.09375
7 0.15703125 0.42578125 0.05390625 0.08515625
7 0.21796875 0.26953125 0.05390625 0.07890625
7 0.58515625 0.14765625 0.0359375 0.0640625
7 0.62421875 0.140625 0.04375 0.07890625
7 0.1203125 0.14375 0.04609375 0.05234375