4 0.95546875 0.92890625 0.0890625 0.13984375
4 0.76171875 0.89140625 0.0734375 0.165625
4 0.92578125 0.88125 0.10078125 0.14609375
4 0.87421875 0.86796875 0.09296875 0.16875
4 0.8546875 0.78203125 0.0734375 0.09609375
4 0.81953125 0.7375 0.0734375 0.11171875
4 0.703125 0.90546875 0.0890625 0.13046875
4 0.6765625 0.84609375 0.06484375 0.13984375
4 0.61640625 0.75703125 0.046875 0.11015625
4 0.5859375 0.69609375 0.05234375 0.1265625
4 0.64296875 0.70625 0.04609375 0.0890625
4 0.1203125 0.94609375 0.12109375 0.1078125
4 0.14375 0.89375 0.09921875 0.12109375
4 0.29296875 0.81875 0.0828125 0.109375
4 0.36875 0.771875 0.0703125 0.10078125
4 0.43125 0.7640625 0.07421875 0.0859375
4 0.4390625 0.72109375 0.078125 0.0984375
4 0.45078125 0.69296875 0.06640625 0.08671875
4 0.4515625 0.6328125 0.04453125 0.075
15 0.38203125 0.5171875 0.08671875 0.10078125
9 0.7046875 0.94609375 0.14296875 0.1078125
9 0.82265625 0.90390625 0.12578125 0.1921875
9 0.7359375 0.784375 0.10234375 0.140625
9 0.71015625 0.7265625 0.09296875 0.134375
9 0.67421875 0.6546875 0.0546875 0.11953125
9 0.61171875 0.7734375 0.06796875 0.153125
9 0.34921875 0.89375 0.1140625 0.2125
9 0.24921875 0.87890625 0.09296875 0.20078125
9 0.16953125 0.80234375 0.071875 0.1875
9 0.55703125 0.7921875 0.1140625 0.2453125