14 0.065625 0.30703125 0.13125 0.4578125
14 0.1796875 0.3625 0.109375 0.45390625
14 0.24921875 0.4234375 0.12421875 0.3453125
14 0.328125 0.3578125 0.11953125 0.4140625
14 0.3921875 0.4296875 0.12734375 0.34296875
14 0.4640625 0.36171875 0.10859375 0.34609375
14 0.5296875 0.41875 0.10546875 0.32578125
14 0.61328125 0.42890625 0.14296875 0.4453125
14 0.6625 0.6234375 0.19765625 0.1953125
14 0.66328125 0.80234375 0.246875 0.17265625
14 0.6671875 0.92421875 0.22109375 0.1515625
14 0.534375 0.94765625 0.17265625 0.10390625
14 0.54921875 0.8484375 0.2578125 0.20546875
14 0.428125 0.8046875 0.1234375 0.2875
14 0.39453125 0.71171875 0.13203125 0.28203125
14 0.43203125 0.57734375 0.19375 0.23828125
14 0.271875 0.5609375 0.3203125 0.23046875
14 0.21796875 0.7515625 0.14296875 0.35078125
14 0.29765625 0.78828125 0.1421875 0.31015625
14 0.22578125 0.89765625 0.1546875 0.20390625
14 0.365625 0.90234375 0.140625 0.1953125