3 0.3609375 0.49921875 0.07578125 0.0875
3 0.73125 0.50390625 0.08203125 0.0921875
2 0.60625 0.76328125 0.228125 0.4734375
2 0.5140625 0.4890625 0.09140625 0.1921875
2 0.59609375 0.48125 0.07890625 0.1609375
12 0.32734375 0.7984375 0.22109375 0.39609375
4 0.4375 0.6953125 0.115625 0.23125
4 0.58203125 0.6328125 0.09765625 0.16015625
4 0.5 0.5984375 0.0703125 0.14609375
4 0.23359375 0.68671875 0.1609375 0.15859375
4 0.37578125 0.534375 0.09921875 0.1234375
4 0.63125 0.471875 0.04921875 0.09296875
4 0.64921875 0.440625 0.0484375 0.065625
4 0.834375 0.51640625 0.13828125 0.1171875
4 0.93828125 0.50625 0.1234375 0.12734375
14 0.76015625 0.896875 0.1015625 0.20625
14 0.778125 0.7484375 0.06328125 0.18203125
14 0.85390625 0.81640625 0.07421875 0.22265625
14 0.8390625 0.70078125 0.07109375 0.18125
14 0.746875 0.66171875 0.053125 0.12890625
14 0.715625 0.63515625 0.075 0.13515625
14 0.75390625 0.59765625 0.0609375 0.12421875
14 0.7875 0.5703125 0.034375 0.11953125
14 0.84453125 0.5734375 0.059375 0.121875
14 0.85703125 0.55390625 0.06640625 0.071875
14 0.903125 0.58359375 0.071875 0.10234375
14 0.95234375 0.5640625 0.06171875 0.14765625
14 0.11171875 0.65859375 0.0796875 0.13203125
14 0.20859375 0.63984375 0.10703125 0.09921875
14 0.25078125 0.5875 0.07578125 0.1
8 0.11171875 0.571875 0.15 0.12265625
8 0.19765625 0.53515625 0.15546875 0.115625
19 0.86640625 0.8390625 0.05625 0.19765625
19 0.92421875 0.915625 0.0578125 0.16875
19 0.96015625 0.9046875 0.046875 0.16953125
19 0.05078125 0.9359375 0.06796875 0.128125