16 0.29453125 0.8796875 0.146875 0.19140625
4 0.2890625 0.63046875 0.13203125 0.1484375
14 0.675 0.915625 0.1015625 0.16875
8 0.384375 0.4953125 0.078125 0.1328125
8 0.63046875 0.66875 0.11796875 0.1828125
14 0.43828125 0.6 0.05859375 0.12890625
19 0.4578125 0.459375 0.03203125 0.09453125
19 0.51640625 0.6515625 0.03203125 0.11796875
19 0.5453125 0.6640625 0.03359375 0.1375
19 0.52421875 0.5328125 0.025 0.0890625
14 0.79921875 0.9234375 0.090625 0.15234375
14 0.940625 0.63125 0.071875 0.14453125
14 0.94296875 0.7703125 0.11328125 0.16015625
19 0.91328125 0.91171875 0.04375 0.17578125
4 0.59609375 0.41796875 0.05546875 0.0734375
14 0.5609375 0.35546875 0.028125 0.05859375
14 0.7890625 0.45859375 0.03671875 0.08203125
14 0.83046875 0.43984375 0.03515625 0.07734375
14 0.8953125 0.578125 0.0484375 0.125
2 0.30625 0.40390625 0.10546875 0.1390625
3 0.06640625 0.89140625 0.1328125 0.21484375
8 0.1421875 0.46328125 0.10078125 0.10546875