2 0.46328125 0.71953125 0.1203125 0.24296875
2 0.2671875 0.8875 0.28125 0.225
2 0.56953125 0.91640625 0.1828125 0.16640625
2 0.8421875 0.69296875 0.2140625 0.2
2 0.47265625 0.55859375 0.0453125 0.065625
4 0.54453125 0.73515625 0.07578125 0.11328125
4 0.8609375 0.93046875 0.1359375 0.1390625
4 0.77421875 0.8484375 0.10078125 0.165625
4 0.82578125 0.81171875 0.1046875 0.15234375
4 0.93515625 0.84765625 0.1296875 0.13828125
4 0.68984375 0.72265625 0.0734375 0.08359375
4 0.7328125 0.703125 0.071875 0.09375
4 0.7125 0.6578125 0.06796875 0.0640625
4 0.64921875 0.61640625 0.04453125 0.040625
3 0.5609375 0.82734375 0.07578125 0.0921875
3 0.91875 0.9125 0.1140625 0.15390625
9 0.72578125 0.86484375 0.13203125 0.17734375
14 0.4421875 0.9078125 0.08828125 0.184375
19 0.40390625 0.79140625 0.04140625 0.10078125