4 0.66796875 0.64375 0.15390625 0.18203125
4 0.5578125 0.58125 0.121875 0.196875
4 0.1140625 0.73515625 0.2109375 0.21953125
4 0.31875 0.515625 0.1390625 0.1453125
4 0.225 0.43515625 0.11953125 0.13515625
4 0.1671875 0.471875 0.0921875 0.08828125
4 0.04296875 0.59140625 0.0859375 0.1296875
4 0.190625 0.3859375 0.14921875 0.17109375
4 0.5828125 0.46640625 0.12421875 0.10703125
4 0.55390625 0.43203125 0.0953125 0.13828125
4 0.6578125 0.4546875 0.1109375 0.1234375
4 0.659375 0.36484375 0.0609375 0.09375
4 0.60546875 0.38515625 0.07578125 0.065625
4 0.48515625 0.26015625 0.06328125 0.0890625
4 0.4203125 0.36875 0.09921875 0.07578125
4 0.63671875 0.28671875 0.06640625 0.10703125
4 0.63515625 0.2953125 0.06328125 0.059375
9 0.64375 0.78046875 0.1921875 0.275
14 0.909375 0.8734375 0.18125 0.25
14 0.82890625 0.875 0.15546875 0.25
14 0.7109375 0.8609375 0.1375 0.27734375
14 0.93046875 0.8265625 0.121875 0.25859375
14 0.90625 0.74609375 0.10390625 0.196875
14 0.95078125 0.70390625 0.078125 0.171875
14 0.884375 0.63125 0.075 0.203125
14 0.81171875 0.73984375 0.09921875 0.1953125
14 0.8171875 0.66640625 0.09921875 0.15703125
14 0.80078125 0.64453125 0.09140625 0.209375
14 0.784375 0.5875 0.075 0.2
14 0.75390625 0.5671875 0.07578125 0.16875
14 0.759375 0.5234375 0.0703125 0.16171875
14 0.421875 0.4796875 0.08203125 0.16953125
14 0.4890625 0.39375 0.0546875 0.1515625
14 0.071875 0.43359375 0.05703125 0.13203125
14 0.92734375 0.47578125 0.06171875 0.15078125
14 0.89453125 0.42890625 0.05390625 0.11171875
14 0.84453125 0.4203125 0.06171875 0.125
14 0.74140625 0.39375 0.05078125 0.12578125
14 0.73984375 0.2640625 0.0265625 0.0578125
14 0.6890625 0.24765625 0.021875 0.05859375
8 0.478125 0.7515625 0.15 0.30859375
8 0.39140625 0.59765625 0.13671875 0.2203125
19 0.3609375 0.84765625 0.06171875 0.240625
19 0.415625 0.85625 0.05546875 0.22734375
19 0.5375 0.84375 0.07109375 0.23828125
19 0.6078125 0.9125 0.078125 0.175
19 0.29375 0.70703125 0.04921875 0.1890625
19 0.31953125 0.690625 0.034375 0.1953125
19 0.365625 0.66171875 0.06640625 0.19296875
19 0.48046875 0.56328125 0.0359375 0.15625
1 0.1921875 0.890625 0.06640625 0.17734375
16 0.27421875 0.66640625 0.12421875 0.14296875
11 0.10703125 0.8875 0.0859375 0.19453125
11 0.20078125 0.79765625 0.1046875 0.15078125
7 0.2015625 0.69140625 0.0234375 0.0375
7 0.10546875 0.78203125 0.0421875 0.05859375
11 0.37421875 0.40234375 0.04453125 0.0984375