2 0.34375 0.36796875 0.26875 0.48671875
2 0.15703125 0.38359375 0.3140625 0.4765625
4 0.40234375 0.79765625 0.2765625 0.4046875
4 0.53671875 0.36484375 0.1296875 0.18046875
4 0.625 0.146875 0.06640625 0.09453125
4 0.5765625 0.1015625 0.065625 0.1078125
4 0.415625 0.1 0.075 0.1078125
14 0.21796875 0.07109375 0.05390625 0.08046875
14 0.6484375 0.65390625 0.08671875 0.32578125
14 0.76484375 0.72265625 0.11484375 0.36640625
14 0.67734375 0.45546875 0.07890625 0.13984375
3 0.64453125 0.0953125 0.04296875 0.0765625
19 0.9171875 0.78671875 0.05625 0.19453125
19 0.840625 0.6703125 0.04921875 0.24140625