2 0.61171875 0.49921875 0.31015625 0.4875
4 0.178125 0.521875 0.2140625 0.23203125
9 0.81953125 0.16953125 0.1109375 0.18671875
16 0.45 0.8890625 0.18671875 0.221875
14 0.41640625 0.45078125 0.1 0.234375
14 0.275 0.4 0.1296875 0.1890625
14 0.29765625 0.69375 0.13125 0.2859375
14 0.31875 0.5515625 0.115625 0.2421875
14 0.0453125 0.82265625 0.08984375 0.33828125
14 0.75 0.08203125 0.07734375 0.1640625
14 0.70390625 0.1203125 0.0546875 0.1140625
14 0.6359375 0.12578125 0.07421875 0.1546875
14 0.5125 0.22109375 0.07421875 0.16015625
3 0.40234375 0.29609375 0.0984375 0.2
19 0.1484375 0.91796875 0.11640625 0.1640625
19 0.20546875 0.93515625 0.07578125 0.12890625
19 0.515625 0.36328125 0.059375 0.159375
19 0.21640625 0.746875 0.05703125 0.23671875
19 0.16796875 0.74375 0.07109375 0.3015625
19 0.109375 0.72421875 0.1109375 0.25703125