3 0.74453125 0.5953125 0.13125 0.234375
3 0.61484375 0.17109375 0.06328125 0.09609375
14 0.5625 0.69453125 0.115625 0.27734375
14 0.44765625 0.6984375 0.11484375 0.25
14 0.36484375 0.6859375 0.11015625 0.240625
14 0.16328125 0.7421875 0.13984375 0.30234375
14 0.503125 0.53125 0.1078125 0.190625
14 0.38203125 0.3890625 0.05546875 0.146875
14 0.3859375 0.45625 0.07421875 0.15078125
14 0.4234375 0.4671875 0.08359375 0.14765625
14 0.5515625 0.325 0.0703125 0.1390625
14 0.58359375 0.309375 0.053125 0.12265625
14 0.2171875 0.4625 0.0828125 0.1640625
14 0.32734375 0.48125 0.07890625 0.16015625
14 0.2015625 0.3984375 0.1203125 0.13515625
14 0.12265625 0.4015625 0.14765625 0.13203125
4 0.7375 0.39296875 0.1375 0.18359375
4 0.7421875 0.27578125 0.08203125 0.1
4 0.76328125 0.178125 0.0703125 0.10546875
4 0.9578125 0.6125 0.084375 0.18359375
4 0.95546875 0.52421875 0.08828125 0.14375
3 0.9265625 0.35390625 0.1 0.13125
12 0.91171875 0.275 0.10703125 0.20859375
11 0.68515625 0.2546875 0.04296875 0.10703125
19 0.10234375 0.90234375 0.0890625 0.1953125
1 0.25078125 0.83125 0.0640625 0.15625
19 0.253125 0.73671875 0.0703125 0.23203125
19 0.29609375 0.58125 0.04765625 0.16015625
19 0.31875 0.55859375 0.059375 0.1953125
19 0.0796875 0.75703125 0.0640625 0.2125