14 0.2421875 0.84375 0.41015625 0.3125
14 0.36484375 0.56875 0.265625 0.26484375
20 0.56953125 0.559375 0.1234375 0.20390625
11 0.80234375 0.51640625 0.09140625 0.2078125
19 0.93984375 0.5171875 0.0859375 0.17265625
19 0.66015625 0.3828125 0.09921875 0.12734375
19 0.515625 0.209375 0.04296875 0.09140625
19 0.6515625 0.2734375 0.07109375 0.11015625
19 0.53125 0.9046875 0.1515625 0.18984375
19 0.78828125 0.90390625 0.1359375 0.1921875
19 0.91171875 0.903125 0.13125 0.19375
19 0.86484375 0.7734375 0.12734375 0.1421875
19 0.15703125 0.68125 0.12734375 0.1875
18 0.215625 0.3265625 0.303125 0.19375
4 0.13046875 0.5171875 0.26015625 0.2421875
10 0.2359375 0.12578125 0.190625 0.1484375