4 0.53046875 0.64375 0.16484375 0.2046875
4 0.69453125 0.6328125 0.15546875 0.21328125
4 0.06328125 0.61484375 0.1265625 0.15625
4 0.24609375 0.55703125 0.109375 0.09609375
4 0.38125 0.62578125 0.1859375 0.18828125
19 0.7234375 0.77890625 0.1625 0.4421875
19 0.81796875 0.6875 0.07578125 0.32265625
19 0.0265625 0.6140625 0.053125 0.18515625
11 0.196875 0.7078125 0.1 0.1734375
11 0.27578125 0.73515625 0.078125 0.2078125
7 0.28046875 0.57734375 0.0375 0.06171875
7 0.2015625 0.5859375 0.0328125 0.05859375
14 0.3921875 0.64375 0.128125 0.2703125
14 0.58984375 0.73515625 0.3734375 0.4171875
14 0.765625 0.60546875 0.0953125 0.271875
14 0.8921875 0.6234375 0.1484375 0.3046875
14 0.16328125 0.65546875 0.11328125 0.29375
10 0.10078125 0.54296875 0.20078125 0.2171875