14 0.4203125 0.80703125 0.128125 0.29453125
14 0.81640625 0.703125 0.09296875 0.221875
14 0.303125 0.60390625 0.0890625 0.2109375
14 0.33828125 0.434375 0.05703125 0.14609375
14 0.24453125 0.37890625 0.046875 0.0890625
14 0.18984375 0.540625 0.071875 0.19296875
14 0.3296875 0.32734375 0.03671875 0.07890625
14 0.9265625 0.84453125 0.146875 0.3078125
14 0.39453125 0.565625 0.071875 0.1875
14 0.46796875 0.415625 0.05390625 0.109375
14 0.3734375 0.3640625 0.04609375 0.08046875
14 0.21875 0.284375 0.0296875 0.0609375
19 0.54921875 0.72421875 0.07109375 0.25703125
19 0.68125 0.7875 0.06796875 0.2609375
19 0.81015625 0.871875 0.08515625 0.25390625
19 0.2859375 0.81171875 0.06796875 0.29296875
19 0.240625 0.7578125 0.05625 0.21796875
19 0.2390625 0.9109375 0.0703125 0.178125
19 0.328125 0.91953125 0.07578125 0.1609375
14 0.2515625 0.30078125 0.03515625 0.07890625