14 0.74765625 0.69765625 0.30390625 0.3484375
14 0.4140625 0.5765625 0.18515625 0.2765625
14 0.1828125 0.8 0.303125 0.34453125
14 0.08671875 0.90703125 0.1734375 0.1859375
14 0.58203125 0.4359375 0.20546875 0.228125
14 0.87265625 0.1609375 0.15390625 0.16640625
19 0.346875 0.8046875 0.19375 0.2375
19 0.45625 0.678125 0.1125 0.22109375
19 0.51171875 0.65234375 0.07734375 0.1953125
19 0.55625 0.59765625 0.13203125 0.2015625
19 0.68828125 0.3828125 0.11015625 0.15625
19 0.09609375 0.4984375 0.12109375 0.16171875
19 0.7953125 0.3328125 0.128125 0.1640625
19 0.834375 0.3 0.09375 0.14921875
19 0.875 0.23046875 0.1125 0.1265625
19 0.92421875 0.20078125 0.07734375 0.1171875
19 0.73046875 0.0890625 0.06484375 0.11484375
19 0.75859375 0.178125 0.08359375 0.1375
19 0.23125 0.359375 0.10703125 0.15859375