14 0.54296875 0.66484375 0.103125 0.28359375
14 0.521875 0.75546875 0.1703125 0.30546875
14 0.41171875 0.8484375 0.19296875 0.30234375
14 0.2765625 0.8796875 0.13984375 0.23984375
14 0.72109375 0.81875 0.10859375 0.36171875
14 0.728125 0.66484375 0.07578125 0.28359375
14 0.6078125 0.59765625 0.0953125 0.2703125
14 0.56796875 0.42578125 0.05546875 0.17109375
14 0.61171875 0.39609375 0.08046875 0.1609375
14 0.646875 0.45 0.0734375 0.19375
14 0.671875 0.48984375 0.07421875 0.19375
14 0.7140625 0.534375 0.08515625 0.18359375
14 0.73203125 0.44375 0.07421875 0.20625
14 0.81640625 0.4265625 0.103125 0.1671875
14 0.8140625 0.51328125 0.134375 0.2
14 0.92109375 0.43984375 0.10625 0.19921875
14 0.84140625 0.2953125 0.13671875 0.11953125
14 0.790625 0.27734375 0.134375 0.128125
14 0.71640625 0.26953125 0.071875 0.153125
14 0.94453125 0.2875 0.1109375 0.140625
14 0.053125 0.21953125 0.09921875 0.09375
16 0.40625 0.7875 0.15234375 0.25
16 0.93125 0.86640625 0.1375 0.2640625
4 0.20078125 0.7875 0.3078125 0.425
4 0.05703125 0.7140625 0.1140625 0.29375
4 0.16171875 0.55859375 0.22578125 0.31171875
4 0.50703125 0.5609375 0.18125 0.2765625
4 0.51796875 0.40078125 0.11640625 0.20546875
4 0.56171875 0.32109375 0.11015625 0.190625
4 0.5859375 0.2640625 0.09921875 0.1578125
4 0.65546875 0.25859375 0.10703125 0.12578125
4 0.740625 0.221875 0.11171875 0.1265625
4 0.71953125 0.18125 0.07578125 0.10703125
4 0.7078125 0.1640625 0.0890625 0.071875
4 0.55 0.20390625 0.08359375 0.13203125
4 0.4140625 0.175 0.06796875 0.09921875
4 0.4796875 0.25546875 0.0859375 0.15546875
4 0.475 0.19765625 0.0703125 0.11875
4 0.51484375 0.14375 0.059375 0.08203125
4 0.60625 0.096875 0.0625 0.05703125
4 0.146875 0.190625 0.13359375 0.08515625
4 0.30703125 0.1171875 0.08125 0.078125
4 0.21796875 0.13125 0.0890625 0.06640625
4 0.15390625 0.14765625 0.10078125 0.05859375
3 0.0875 0.278125 0.1078125 0.1703125
14 0.38046875 0.09453125 0.04765625 0.071875
11 0.31171875 0.596875 0.09296875 0.17890625
2 0.3765625 0.375 0.23046875 0.44296875
2 0.25390625 0.32890625 0.2609375 0.39140625
2 0.49765625 0.0890625 0.0984375 0.13203125
19 0.8546875 0.69765625 0.07578125 0.22421875
19 0.74296875 0.8734375 0.065625 0.25234375