19 0.40234375 0.815625 0.1109375 0.36484375
19 0.54765625 0.8640625 0.171875 0.271875
19 0.30390625 0.68515625 0.078125 0.253125
19 0.3375 0.6296875 0.06484375 0.2171875
19 0.05390625 0.559375 0.0640625 0.1875
14 0.18046875 0.7953125 0.3609375 0.409375
14 0.4828125 0.625 0.11875 0.22890625
14 0.83984375 0.7625 0.3203125 0.4140625
14 0.77734375 0.60625 0.11796875 0.2203125
14 0.9515625 0.59140625 0.096875 0.25078125
14 0.640625 0.62109375 0.20390625 0.240625
14 0.4875 0.5984375 0.1078125 0.2453125
14 0.13984375 0.6125 0.26015625 0.19375
14 0.16484375 0.52421875 0.0765625 0.1515625
14 0.10859375 0.5265625 0.08359375 0.1421875
3 0.2828125 0.565625 0.1546875 0.17890625
16 0.67890625 0.84140625 0.4109375 0.31640625