11 0.09296875 0.69375 0.1859375 0.359375
11 0.32109375 0.66953125 0.29375 0.2609375
11 0.54609375 0.63125 0.228125 0.31796875
11 0.65546875 0.5953125 0.16953125 0.21171875
19 0.546875 0.684375 0.109375 0.58828125
19 0.9015625 0.5765625 0.078125 0.33359375
19 0.95859375 0.65703125 0.0765625 0.434375
14 0.79296875 0.54140625 0.21328125 0.328125
7 0.08671875 0.4140625 0.06171875 0.09296875
7 0.03984375 0.36328125 0.06015625 0.04609375
7 0.30703125 0.43125 0.05078125 0.08203125
7 0.4828125 0.409375 0.0390625 0.06328125
7 0.60234375 0.4296875 0.0390625 0.06875
7 0.64296875 0.43125 0.0421875 0.05625
3 0.41875 0.52109375 0.2015625 0.34609375
3 0.215625 0.4546875 0.1625 0.228125
4 0.1375 0.46640625 0.27421875 0.340625