19 0.68203125 0.44140625 0.20625 0.79140625
19 0.9484375 0.271875 0.07265625 0.3609375
19 0.896875 0.26875 0.0765625 0.34296875
19 0.8140625 0.2453125 0.09140625 0.32421875
19 0.80859375 0.22421875 0.05078125 0.2265625
19 0.7625 0.22421875 0.06484375 0.31328125
19 0.67109375 0.23984375 0.0453125 0.29140625
19 0.63359375 0.2234375 0.0578125 0.27421875
19 0.59375 0.215625 0.059375 0.290625
19 0.4921875 0.23359375 0.06015625 0.28984375
19 0.409375 0.196875 0.0578125 0.28046875
19 0.35 0.20390625 0.06328125 0.2671875
20 0.28828125 0.1953125 0.053125 0.234375
19 0.23671875 0.27109375 0.09453125 0.4453125
19 0.18203125 0.2140625 0.07265625 0.2765625
19 0.13203125 0.20625 0.05859375 0.25078125
19 0.08125 0.2109375 0.071875 0.23828125
19 0.04609375 0.1921875 0.0625 0.2828125
19 0.1078125 0.190625 0.0671875 0.2359375
17 0.50859375 0.5953125 0.9828125 0.809375